0.000000E+0	1.545342E-4	-4.292684E+0
5.100000E-2	-1.388824E-3	-4.096578E+0
6.100000E-2	-3.535674E-4	-4.280822E+0
7.100000E-2	-5.631593E-4	-4.247603E+0
8.100000E-2	-5.059979E-4	-4.196438E+0
9.300000E-2	-9.061279E-4	-4.011456E+0
1.010000E-1	-2.519471E-4	-4.167903E+0
1.110000E-1	-1.052207E-3	-4.291869E+0
1.210000E-1	-1.052207E-3	-4.263283E+0
1.310000E-1	-1.059885E-5	-4.180580E+0
1.410000E-1	-1.033153E-3	-4.154616E+0
1.510000E-1	-1.001397E-3	-4.210311E+0
1.610000E-1	-2.965266E-5	-4.209369E+0
1.710000E-1	-5.441055E-4	-4.145350E+0
1.810000E-1	-5.504568E-4	-4.216624E+0
1.910000E-1	5.292591E-4	-3.901592E+0
2.030000E-1	-4.297827E-4	-4.299557E+0
2.110000E-1	-1.528552E-3	-4.097113E+0
2.210000E-1	-6.076182E-4	-4.175005E+0
2.310000E-1	-1.623821E-3	-4.002420E+0
2.410000E-1	-1.344366E-3	-4.294186E+0
2.510000E-1	-1.808008E-3	-4.012958E+0
2.610000E-1	-8.680203E-4	-4.149703E+0
2.710000E-1	-1.204638E-3	-4.120709E+0
2.810000E-1	6.054744E-4	-4.244548E+0
2.910000E-1	6.626358E-4	-4.295331E+0
3.010000E-1	-2.436784E-3	-4.254094E+0
3.110000E-1	-1.598416E-3	-3.937026E+0
3.210000E-1	-1.210989E-3	-4.269876E+0
3.310000E-1	-2.697186E-3	-4.303782E+0
3.410000E-1	-1.865170E-3	-4.186231E+0
3.510000E-1	-1.096666E-3	-4.011609E+0
3.610000E-1	-1.712739E-3	-4.452134E+0
3.710000E-1	1.253304E-3	-4.126284E+0
3.810000E-1	3.069647E-4	-4.114626E+0
3.910000E-1	-1.814360E-3	-4.225839E+0
4.010000E-1	-1.712739E-3	-4.174521E+0
4.110000E-1	5.483129E-4	-4.091512E+0
4.210000E-1	-1.693806E-4	-4.105004E+0
4.310000E-1	-6.393746E-4	-4.289578E+0
4.410000E-1	1.291291E-4	-4.171289E+0
4.510000E-1	-1.585714E-3	-4.339114E+0
4.610000E-1	-2.074882E-4	-4.203438E+0
4.710000E-1	-7.092386E-4	-4.142295E+0
4.810000E-1	-1.058558E-3	-4.177856E+0
4.910000E-1	3.006134E-4	-4.124630E+0
5.010000E-1	4.975028E-4	-2.005140E+0
5.110000E-1	-2.385974E-3	-4.149703E+0
5.210000E-1	-1.750847E-3	-4.095993E+0
5.310000E-1	-5.631593E-4	-3.933997E+0
5.410000E-1	-2.455958E-4	-4.059261E+0
5.510000E-1	-2.506648E-3	-4.272778E+0
5.610000E-1	-6.584284E-4	-4.080770E+0
5.710000E-1	-5.631593E-4	-4.050937E+0
5.830000E-1	-1.109369E-3	-2.262541E+0
5.910000E-1	1.480623E-5	-4.106327E+0
6.010000E-1	9.039841E-4	-4.200384E+0
6.110000E-1	-1.185584E-3	-4.088000E+0
6.220000E-1	-6.139695E-4	-4.198729E+0
6.320000E-1	-2.017600E-3	-4.096858E+0
6.420000E-1	-7.409949E-4	-4.370602E+0
6.520000E-1	-1.585714E-3	-4.037904E+0
6.620000E-1	-1.871521E-3	-4.378951E+0
6.720000E-1	5.673667E-4	-4.134837E+0
6.820000E-1	5.737180E-4	-4.322721E+0
6.920000E-1	1.545342E-4	-4.074050E+0
7.020000E-1	-3.472162E-4	-4.420112E+0
7.120000E-1	-1.985844E-3	-4.144764E+0
7.220000E-1	-2.500297E-3	-4.187554E+0
7.320000E-1	7.769586E-4	-4.285455E+0
7.420000E-1	1.227778E-4	-4.321143E+0
7.520000E-1	-4.247578E-6	-4.156448E+0
7.620000E-1	-1.217340E-3	-4.342016E+0
7.720000E-1	-1.115720E-3	-3.992976E+0
7.820000E-1	-1.420581E-3	-2.745220E+0
7.920000E-1	-1.439635E-3	-4.063054E+0
8.020000E-1	-1.515850E-3	-4.275909E+0
8.120000E-1	8.214175E-4	-4.143212E+0
8.220000E-1	5.926512E-5	-4.131655E+0
8.320000E-1	-3.662700E-4	-4.375769E+0
8.420000E-1	-3.281624E-4	-4.078199E+0
8.520000E-1	-1.820831E-4	-4.187860E+0
8.620000E-1	-2.646497E-4	-4.134328E+0
8.720000E-1	-1.325312E-3	-4.044446E+0
8.820000E-1	-1.560309E-3	-4.326641E+0
8.920000E-1	-1.230043E-3	-4.386689E+0
9.020000E-1	-1.433283E-3	-4.175005E+0
9.120000E-1	5.356104E-4	-4.205602E+0
9.220000E-1	-1.693806E-4	-4.290036E+0
9.320000E-1	-1.922331E-3	-4.295331E+0
9.420000E-1	-2.258948E-3	-4.200715E+0
9.520000E-1	1.672367E-4	-4.162710E+0
9.620000E-1	-2.646497E-4	-4.073236E+0
9.720000E-1	-1.287204E-3	-4.129670E+0
9.820000E-1	3.577748E-4	-4.230701E+0
9.920000E-1	-1.388824E-3	-4.239203E+0
1.002000E+0	-2.354218E-3	-4.142219E+0
1.012000E+0	-9.061279E-4	-3.989769E+0
1.022000E+0	-1.839765E-3	-4.241112E+0
1.032000E+0	-7.155898E-4	-4.035562E+0
1.042000E+0	-5.695106E-4	-4.257276E+0
1.053000E+0	-1.185584E-3	-4.156703E+0
1.061000E+0	-4.996466E-4	-4.195802E+0
1.072000E+0	-1.045856E-3	-4.273796E+0
1.082000E+0	3.133159E-4	-4.207740E+0
1.092000E+0	-1.985844E-3	-4.172129E+0
1.102000E+0	-1.687334E-3	-4.037090E+0
1.112000E+0	-1.122192E-4	-4.204533E+0
1.122000E+0	-7.411155E-5	-4.048264E+0
1.132000E+0	-1.522201E-3	-4.240908E+0
1.142000E+0	-1.985844E-3	-4.070741E+0
1.152000E+0	3.577748E-4	-4.102484E+0
1.162000E+0	-5.187005E-4	-4.168081E+0
1.172000E+0	-2.773522E-4	-4.006340E+0
1.182000E+0	1.056415E-3	-4.215275E+0
1.192000E+0	-6.330233E-4	-4.233272E+0
1.202000E+0	-8.045076E-4	-4.133182E+0
1.212000E+0	-1.420581E-3	-4.253763E+0
1.222000E+0	-3.408649E-4	-4.388573E+0
1.232000E+0	-1.376122E-3	-4.347005E+0
1.242000E+0	-1.534904E-3	-4.165358E+0
1.252000E+0	-7.981563E-4	-4.197584E+0
1.262000E+0	-1.014100E-3	-4.095509E+0
1.272000E+0	-8.807229E-4	-4.216471E+0
1.282000E+0	-2.519471E-4	-4.298029E+0
1.292000E+0	-1.299907E-3	-4.191067E+0
1.302000E+0	-4.742416E-4	-4.158841E+0
1.312000E+0	-1.210989E-3	-4.263360E+0
1.322000E+0	1.926418E-4	-4.270742E+0
1.332000E+0	-1.369771E-3	-4.131757E+0
1.342000E+0	4.848002E-4	-2.521063E+0
1.352000E+0	-2.297056E-3	-4.236072E+0
1.362000E+0	-1.649227E-3	-4.256945E+0
1.372000E+0	-2.330139E-5	-4.045413E+0
1.382000E+0	-3.853238E-4	-4.041035E+0
1.392000E+0	-2.424081E-3	-4.152630E+0
1.402000E+0	-1.617470E-3	-4.271047E+0
1.412000E+0	-4.247578E-6	-4.142575E+0
1.425000E+0	-1.376122E-3	-4.315084E+0
1.431000E+0	5.737180E-4	-4.076163E+0
1.441000E+0	1.107225E-3	-4.305513E+0
1.451000E+0	-2.138274E-3	-4.084920E+0
1.461000E+0	-1.776252E-3	-4.238821E+0
1.473000E+0	1.418316E-4	-3.947488E+0
1.481000E+0	-3.662700E-4	-4.036682E+0
1.491000E+0	-1.655578E-3	-4.139801E+0
1.501000E+0	-6.520771E-4	-4.383482E+0
1.511000E+0	-1.045856E-3	-4.196438E+0
1.521000E+0	-7.219411E-4	-4.040373E+0
1.531000E+0	-2.062059E-3	-3.995445E+0
1.541000E+0	-1.674632E-3	-4.122313E+0
1.551000E+0	1.862905E-4	-4.140157E+0
1.561000E+0	1.100753E-4	-3.986816E+0
1.571000E+0	-8.045076E-4	-4.246279E+0
1.581000E+0	2.942621E-4	-4.233934E+0
1.591000E+0	-6.393746E-4	-4.241443E+0
1.601000E+0	3.006134E-4	-4.295026E+0
1.611000E+0	-4.488365E-4	-4.063690E+0
1.621000E+0	1.545342E-4	-4.123051E+0
1.631000E+0	-1.185704E-4	-4.132775E+0
1.641000E+0	-1.922331E-3	-4.282095E+0
1.651000E+0	-2.417730E-3	-4.063588E+0
1.661000E+0	-1.998546E-3	-4.199798E+0
1.671000E+0	-1.585714E-3	-4.193511E+0
1.681000E+0	3.577748E-4	-4.076672E+0
1.691000E+0	-3.027573E-4	-4.179969E+0
1.701000E+0	-7.664000E-4	-4.167369E+0
1.711000E+0	-1.153827E-3	-4.201351E+0
1.721000E+0	-5.123492E-4	-3.182767E+0
1.731000E+0	-1.299907E-3	-4.172510E+0
1.741000E+0	-2.519471E-4	-4.241086E+0
1.751000E+0	-1.052207E-3	-4.107651E+0
1.761000E+0	-7.664000E-4	-4.160572E+0
1.771000E+0	-1.973141E-3	-4.307422E+0
1.781000E+0	-1.039505E-3	-3.951153E+0
1.791000E+0	-2.112869E-3	-4.200078E+0
1.801000E+0	-1.623821E-3	-4.149448E+0
1.811000E+0	-1.661929E-3	-4.265014E+0
1.821000E+0	-1.649227E-3	-3.997889E+0
1.831000E+0	-8.553178E-4	-4.158637E+0
1.841000E+0	-1.642875E-3	-4.185442E+0
1.851000E+0	-1.395176E-3	-4.028206E+0
1.861000E+0	-1.515850E-3	-4.297215E+0
1.871000E+0	8.023637E-4	-4.178340E+0
1.881000E+0	9.674968E-4	-4.268425E+0
1.891000E+0	-6.457259E-4	-4.171874E+0
1.901000E+0	4.656258E-5	-4.054908E+0
1.910000E+0	-1.255448E-3	-4.109509E+0
1.922000E+0	-1.014100E-3	-4.276698E+0
1.932000E+0	3.069647E-4	-4.307880E+0
1.942000E+0	-4.043776E-4	-4.208504E+0
1.952000E+0	4.085850E-4	-4.221461E+0
1.962000E+0	2.942621E-4	-4.059566E+0
1.971000E+0	-4.297827E-4	-4.025177E+0
1.981000E+0	4.911515E-4	-4.156957E+0
1.991000E+0	-2.392446E-4	-4.202675E+0
2.002000E+0	1.005604E-3	-4.054374E+0
2.012000E+0	-1.973141E-3	-4.316306E+0
2.021000E+0	-8.870741E-4	-4.041748E+0
2.031000E+0	-1.331663E-3	-4.150492E+0
2.042000E+0	-1.001397E-3	-4.169430E+0
2.051000E+0	-2.081113E-3	-4.202166E+0
2.061000E+0	-7.028873E-4	-4.324783E+0
2.071000E+0	-2.227192E-3	-4.232661E+0
2.081000E+0	-2.176382E-3	-4.179638E+0
2.091000E+0	-1.922331E-3	-4.174165E+0
2.104000E+0	-1.954088E-3	-4.068145E+0
2.112000E+0	1.481829E-4	-4.182056E+0
2.121000E+0	-3.218111E-4	-4.069494E+0
2.131000E+0	-1.274502E-3	-4.254170E+0
2.142000E+0	-5.568081E-4	-4.196871E+0
2.152000E+0	-6.139695E-4	-4.353929E+0
2.162000E+0	-2.093815E-3	-4.029046E+0
2.171000E+0	-7.918051E-4	-4.164390E+0
2.181000E+0	-7.282924E-4	-4.200384E+0
2.191000E+0	-1.185704E-4	NaN
2.202000E+0	-6.266721E-4	-4.107575E+0
2.212000E+0	6.816896E-4	-4.147055E+0
2.221000E+0	-3.599187E-4	-4.154946E+0
2.231000E+0	1.799393E-4	-4.225864E+0
2.241000E+0	1.480623E-5	-4.177907E+0
2.251000E+0	-3.599187E-4	-4.278684E+0
2.264000E+0	-1.484094E-3	-4.006798E+0
2.272000E+0	-1.827062E-3	-4.192925E+0
2.281000E+0	-3.091085E-4	-4.221181E+0
2.291000E+0	-2.449487E-3	-4.158001E+0
2.301000E+0	6.499332E-4	-2.537023E+0
2.311000E+0	-1.674632E-3	-4.140692E+0
2.321000E+0	-4.742416E-4	-4.126310E+0
2.331000E+0	-7.854538E-4	-4.296986E+0
2.341000E+0	-6.012670E-4	-4.168972E+0
2.351000E+0	-1.376122E-3	-4.182743E+0
2.361000E+0	-1.033153E-3	-4.135550E+0
2.375000E+0	-1.191935E-3	-4.131502E+0
2.381000E+0	-8.362640E-4	-4.304088E+0
2.392000E+0	-2.525702E-3	-4.255061E+0
2.402000E+0	-1.287204E-3	-3.977270E+0
2.412000E+0	-2.131923E-3	-4.231795E+0
2.422000E+0	-7.028873E-4	-4.255570E+0
2.432000E+0	-1.820711E-3	-4.180911E+0
2.442000E+0	-2.258948E-3	-4.045872E+0
2.452000E+0	-1.738144E-3	-4.257734E+0
2.462000E+0	6.561639E-5	-3.990354E+0
2.471000E+0	-3.535674E-4	-4.164110E+0
2.481000E+0	-1.947857E-4	-4.235792E+0
2.491000E+0	-2.328812E-3	-4.292277E+0
2.501000E+0	-2.347866E-3	-4.096476E+0
2.511000E+0	-4.164330E-3	-4.170118E+0
2.521000E+0	-5.987144E-3	-4.128753E+0
2.531000E+0	-5.472691E-3	-4.136797E+0
2.541000E+0	-7.949687E-3	-4.060712E+0
2.551000E+0	-1.043303E-2	-4.078632E+0
2.561000E+0	-1.649214E-2	-5.138751E-2
2.571000E+0	-2.154776E-2	-2.351423E-2
2.581000E+0	-3.153830E-2	-3.479082E-2
2.591000E+0	-4.557461E-2	-2.575427E-2
2.601000E+0	-7.122104E-2	-3.461263E-2
2.611000E+0	-1.163278E-1	-2.562699E-2
2.621000E+0	-1.701103E-1	-3.759087E-2
2.631000E+0	-2.190469E-1	-5.352574E-2
2.641000E+0	-2.469162E-1	-4.110451E+0
2.651000E+0	-2.169065E-1	-4.137306E+0
2.661000E+0	-6.983646E-2	-4.109026E+0
2.671000E+0	1.414195E-1	-4.097749E+0
2.681000E+0	2.955839E-1	-2.206133E+0
2.691000E+0	3.546761E-1	-4.266007E+0
2.705000E+0	2.621190E-1	-4.033424E+0
2.711000E+0	1.174180E-1	-4.171594E+0
2.721000E+0	4.495004E-2	-4.313532E+0
2.731000E+0	1.895429E-2	-4.239966E+0
2.741000E+0	1.016414E-2	-4.227188E+0
2.751000E+0	5.076769E-3	-4.161158E+0
2.761000E+0	2.460045E-3	-4.165587E+0
2.771000E+0	1.158035E-3	-4.060839E+0
2.781000E+0	9.039841E-4	-4.227290E+0
2.791000E+0	1.234250E-3	-4.120709E+0
2.801000E+0	-2.544756E-3	-4.055494E+0
2.811000E+0	-2.366920E-3	-4.315542E+0
2.821000E+0	-1.630173E-3	-4.185620E+0
2.831000E+0	-2.214490E-3	-4.106200E+0
2.841000E+0	1.043712E-3	-4.126182E+0
2.851000E+0	5.864205E-4	-4.294822E+0
2.861000E+0	1.196142E-3	-4.330968E+0
2.871000E+0	1.793162E-3	-4.031159E+0
2.881000E+0	-3.662700E-4	-4.200689E+0
2.892000E+0	1.037361E-3	-4.290164E+0
2.902000E+0	-1.706388E-3	-4.139317E+0
2.910000E+0	-8.045076E-4	-4.251319E+0
2.921000E+0	3.641261E-4	-4.079116E+0
2.931000E+0	-3.345136E-4	-4.236530E+0
2.941000E+0	7.261485E-4	-4.258879E+0
2.953000E+0	3.577748E-4	-4.175361E+0
2.961000E+0	-1.261799E-3	-4.262087E+0
2.971000E+0	-2.131923E-3	-4.143517E+0
2.981000E+0	-4.805928E-4	-4.206391E+0
2.991000E+0	-1.439635E-3	-4.128040E+0
3.002000E+0	-1.109369E-3	-4.263410E+0
3.012000E+0	-5.631593E-4	-4.170067E+0
3.022000E+0	-1.935034E-3	-4.096654E+0
3.032000E+0	-3.167180E-3	-4.235995E+0
3.042000E+0	-1.255448E-3	-4.172892E+0
3.052000E+0	-1.122071E-3	-4.206569E+0
3.062000E+0	-3.600393E-5	-4.164874E+0
3.072000E+0	-1.630293E-4	-4.331376E+0
3.082000E+0	-1.096666E-3	-4.067254E+0
3.092000E+0	-2.170031E-3	-4.176456E+0
3.101000E+0	-9.378843E-4	-4.031999E+0
3.112000E+0	-1.458688E-3	-4.246076E+0
3.122000E+0	-2.964060E-4	-4.158485E+0
3.132000E+0	-4.996466E-4	-4.181369E+0
3.142000E+0	-1.242745E-3	-4.154081E+0
3.152000E+0	-1.903277E-3	-4.100829E+0
3.164000E+0	-1.852467E-3	-4.298946E+0
3.172000E+0	-3.472162E-4	-4.300957E+0
3.182000E+0	-3.154598E-4	-4.096171E+0
3.192000E+0	-1.630293E-4	-4.118546E+0
3.201000E+0	-8.743716E-4	-4.241417E+0
3.211000E+0	-1.026802E-3	-4.189565E+0
3.221000E+0	-1.388824E-3	-4.126844E+0
3.231000E+0	-1.147476E-3	-4.152452E+0
3.241000E+0	-1.077612E-3	-4.335677E+0
3.254000E+0	2.879108E-4	-4.235283E+0
3.262000E+0	-4.043776E-4	-4.182463E+0
3.272000E+0	-5.441055E-4	-4.042639E+0
3.282000E+0	-4.615390E-4	-4.065217E+0
3.292000E+0	9.547942E-4	-4.107269E+0
3.302000E+0	9.102147E-5	-4.228359E+0
3.312000E+0	7.261485E-4	-4.054424E+0
3.321000E+0	-1.890575E-3	-4.028129E+0
3.331000E+0	-3.408649E-4	-4.175718E+0
3.342000E+0	3.577748E-4	-4.075272E+0
3.352000E+0	-5.758619E-4	-4.329975E+0
3.362000E+0	-1.814360E-3	-4.210184E+0
3.372000E+0	-2.004898E-3	-4.135142E+0
3.382000E+0	-1.490445E-3	-4.102738E+0
3.392000E+0	-1.661929E-3	-4.378518E+0
3.402000E+0	-1.700037E-3	-4.091589E+0
3.412000E+0	-8.045076E-4	-4.348532E+0
3.422000E+0	-3.472162E-4	-4.207460E+0
3.431000E+0	-2.093815E-3	-4.227850E+0
3.441000E+0	-1.503147E-3	-4.238846E+0
3.451000E+0	-1.077612E-3	-4.224337E+0
3.461000E+0	-2.017600E-3	-4.155557E+0
3.471000E+0	-6.012670E-4	-4.237574E+0
3.481000E+0	-9.632894E-4	-4.097036E+0
3.491000E+0	-6.901848E-4	-4.244548E+0
3.501000E+0	3.704774E-4	-4.254348E+0
3.511000E+0	-1.947857E-4	-4.262621E+0
3.530000E+0	7.196766E-5	-4.000816E+0
3.532000E+0	6.308794E-4	-4.199467E+0
3.542000E+0	-1.566781E-4	-4.147208E+0
3.552000E+0	-1.363419E-3	-4.137943E+0
3.562000E+0	2.180469E-4	-4.047399E+0
3.572000E+0	-3.154598E-4	-4.172358E+0
3.582000E+0	4.911515E-4	-4.283265E+0
3.590000E+0	-6.139695E-4	-4.137535E+0
3.602000E+0	1.481829E-4	-3.895381E+0
3.612000E+0	6.562845E-4	-4.206366E+0
3.622000E+0	-3.916751E-4	-4.104036E+0
3.631000E+0	-1.534904E-3	-4.215148E+0
3.642000E+0	-1.503268E-4	-4.183023E+0
3.652000E+0	-8.870741E-4	-4.001452E+0
3.662000E+0	-1.318960E-3	-4.069927E+0
3.672000E+0	-2.138274E-3	-4.395166E+0
3.681000E+0	-1.465040E-3	-4.223013E+0
3.691000E+0	-1.236394E-3	-4.158714E+0
3.701000E+0	-5.504568E-4	-4.296604E+0
3.711000E+0	-1.299907E-3	-4.248748E+0
3.721000E+0	6.689871E-4	-4.146037E+0
3.731000E+0	-5.631593E-4	-4.132979E+0
3.741000E+0	-8.870741E-4	-3.956066E+0
3.751000E+0	-3.281624E-4	-4.052617E+0
3.761000E+0	-1.147476E-3	-4.102280E+0
3.771000E+0	2.750877E-5	-4.136161E+0
3.781000E+0	-1.134774E-3	-4.099073E+0
3.791000E+0	-2.138395E-4	-4.140310E+0
3.801000E+0	5.165566E-4	-3.997456E+0
3.811000E+0	-4.247578E-6	-4.098894E+0
3.821000E+0	3.895312E-4	-4.282807E+0
3.835000E+0	6.245282E-4	-4.153012E+0
3.841000E+0	-4.870647E-5	-4.123026E+0
3.851000E+0	-8.299127E-4	-4.162608E+0
3.861000E+0	-1.210989E-3	-3.955862E+0
3.871000E+0	-7.854538E-4	-4.358180E+0
3.881000E+0	-4.234314E-4	-4.105462E+0
3.891000E+0	-9.632894E-4	-4.241316E+0
3.901000E+0	2.879108E-4	-4.153241E+0
3.911000E+0	3.704774E-4	-4.279804E+0
3.921000E+0	-1.210989E-3	-4.223650E+0
3.931000E+0	-2.965266E-5	-4.246712E+0
3.941000E+0	-2.100167E-3	-4.032304E+0
3.951000E+0	-2.411379E-3	-4.188878E+0
3.965000E+0	-5.441055E-4	-4.166274E+0
3.971000E+0	-9.696406E-4	-4.274763E+0
3.981000E+0	-7.155898E-4	-4.253610E+0
3.995000E+0	-2.049357E-3	-4.326895E+0
4.001000E+0	-7.219411E-4	-4.089094E+0
4.011000E+0	-1.357068E-3	-4.098309E+0
4.021000E+0	-1.230043E-3	-4.226093E+0
4.031000E+0	-1.966790E-3	-4.320532E+0
4.041000E+0	-1.261799E-3	-4.082527E+0
4.051000E+0	-2.023951E-3	-2.384674E+0
4.061000E+0	-1.274502E-3	-4.269392E+0
4.071000E+0	-3.789725E-4	-4.016471E+0
4.081000E+0	-8.616690E-4	-4.132648E+0
4.091000E+0	-8.743716E-4	-4.083112E+0
4.101000E+0	-5.568081E-4	-4.129721E+0
4.113000E+0	-1.566781E-4	-4.128982E+0
4.121000E+0	-1.592065E-3	-4.069774E+0
4.131000E+0	-7.219411E-4	-4.265905E+0
4.145000E+0	-1.090315E-3	-4.143441E+0
4.151000E+0	-3.916751E-4	-4.219221E+0
4.161000E+0	-2.233543E-3	-4.132317E+0
4.171000E+0	-1.604768E-3	-4.329186E+0
4.181000E+0	-1.141125E-3	-4.105360E+0
4.191000E+0	-1.045856E-3	-4.215071E+0
4.201000E+0	-1.636524E-3	-4.334557E+0
4.215000E+0	-1.808008E-3	-4.074050E+0
4.223000E+0	-1.515850E-3	-4.137153E+0
4.231000E+0	-8.426152E-4	-4.295077E+0
4.245000E+0	-2.004898E-3	-4.341278E+0
4.251000E+0	-1.769901E-3	-4.154921E+0
4.261000E+0	-1.985844E-3	-4.333132E+0
4.275000E+0	-5.123492E-4	-4.350594E+0
4.281000E+0	-4.742416E-4	-4.202089E+0
4.291000E+0	-1.160179E-3	-4.067076E+0
4.305000E+0	-2.646497E-4	-4.108873E+0
4.311000E+0	-5.631593E-4	-4.118597E+0
4.321000E+0	-3.345136E-4	-4.209089E+0
4.331000E+0	2.371007E-4	-4.202624E+0
4.341000E+0	3.260185E-4	-4.072854E+0
4.355000E+0	-1.033153E-3	-4.347132E+0
4.361000E+0	7.706074E-4	-3.942728E+0
4.371000E+0	3.386004E-5	-4.169074E+0
4.385000E+0	8.467020E-5	-4.207638E+0
4.391000E+0	-1.947857E-4	-4.185747E+0
4.401000E+0	-7.918051E-4	-4.107600E+0
4.411000E+0	7.769586E-4	-4.195420E+0
4.423000E+0	-2.093815E-3	-4.179434E+0
4.431000E+0	-1.426932E-3	-4.248367E+0
4.441000E+0	-4.235520E-5	-4.158077E+0
4.455000E+0	-1.045856E-3	-4.124782E+0
4.461000E+0	-7.981563E-4	-4.079090E+0
4.471000E+0	-2.074882E-4	-4.212119E+0
4.481000E+0	-1.445986E-3	-4.240730E+0
4.491000E+0	-1.115720E-3	-4.117273E+0
4.501000E+0	-6.774822E-4	-3.982718E+0
4.513000E+0	-8.997767E-4	-4.216090E+0
4.521000E+0	-1.122071E-3	-4.032533E+0
4.535000E+0	-1.687334E-3	-4.359503E+0
4.541000E+0	-4.932954E-4	-3.995471E+0
4.551000E+0	-4.742416E-4	-4.317732E+0
4.561000E+0	2.688570E-4	-4.404024E+0
4.572000E+0	-3.408649E-4	-4.182489E+0
4.582000E+0	-1.528552E-3	-4.065599E+0
4.592000E+0	-1.185584E-3	-4.099658E+0
4.600000E+0	-1.534904E-3	-4.227417E+0
4.610000E+0	-1.268150E-3	-4.169074E+0
4.622000E+0	-8.426152E-4	-4.186154E+0
4.632000E+0	-1.680983E-3	-4.252847E+0
4.642000E+0	1.227778E-4	-4.219246E+0
4.656000E+0	-1.280853E-3	-4.355736E+0
4.660000E+0	4.720977E-4	-4.029631E+0
4.672000E+0	6.880409E-4	-4.233475E+0
4.682000E+0	-8.108589E-4	-4.150976E+0
4.690000E+0	-7.219411E-4	-4.338503E+0
4.704000E+0	-1.509499E-3	-4.205271E+0
4.710000E+0	-1.388824E-3	-4.151536E+0
4.720000E+0	-5.885644E-4	-4.050072E+0
4.732000E+0	-7.346436E-4	-4.207664E+0
4.742000E+0	-1.420581E-3	-4.203922E+0
4.750000E+0	-1.331663E-3	-4.119004E+0
4.762000E+0	-1.236394E-3	-4.238108E+0
4.772000E+0	-1.846116E-3	NaN
4.780000E+0	-1.293555E-3	-4.218228E+0
4.790000E+0	-2.170031E-3	-4.235104E+0
4.800000E+0	5.356104E-4	-4.000587E+0
4.812000E+0	-3.916751E-4	-4.077207E+0
4.822000E+0	-1.033153E-3	-3.992696E+0
