0.000000E+0	-8.045076E-4	-4.024107E+0
3.900000E-2	-1.458688E-3	-4.178136E+0
4.900000E-2	-2.900547E-4	-4.112055E+0
5.800000E-2	-8.108589E-4	-4.233832E+0
6.800000E-2	-1.611119E-3	-4.183431E+0
7.800000E-2	-8.426152E-4	-4.270054E+0
8.900000E-2	-5.059979E-4	-4.197991E+0
9.900000E-2	-9.188305E-4	-3.998652E+0
1.090000E-1	-1.306258E-3	-4.146037E+0
1.190000E-1	-1.293555E-3	-4.191220E+0
1.290000E-1	-1.058679E-4	-4.188929E+0
1.390000E-1	-1.083963E-3	-4.179002E+0
1.490000E-1	-1.217340E-3	-4.131451E+0
1.590000E-1	-4.996466E-4	-4.115873E+0
1.690000E-1	-1.058558E-3	-4.173911E+0
1.790000E-1	-6.965360E-4	-4.348710E+0
1.890000E-1	-3.599187E-4	-4.098436E+0
1.990000E-1	-1.407878E-3	-4.229581E+0
2.090000E-1	-1.172881E-3	-4.329314E+0
2.190000E-1	-4.361339E-4	-4.149830E+0
2.290000E-1	-1.001397E-3	-4.284207E+0
2.390000E-1	-5.758619E-4	-4.339368E+0
2.490000E-1	-8.172102E-4	-4.055774E+0
2.590000E-1	-2.532053E-3	-4.156092E+0
2.690000E-1	-2.214490E-3	-4.156117E+0
2.790000E-1	-3.681633E-3	-4.033195E+0
2.890000E-1	-3.764199E-3	-4.178289E+0
2.990000E-1	-4.710539E-3	-4.093931E+0
3.090000E-1	-5.980793E-3	-4.201275E+0
3.190000E-1	-4.913779E-3	-4.168285E+0
3.290000E-1	-5.993495E-3	-4.203413E+0
3.390000E-1	-7.670231E-3	-4.149474E+0
3.490000E-1	-1.138572E-2	-4.178314E+0
3.590000E-1	-2.006156E-2	-4.293643E-2
3.690000E-1	-3.604135E-2	-2.832523E-2
3.790000E-1	-7.385047E-2	-3.759087E-2
3.890000E-1	-1.512661E-1	-1.842321E-2
3.990000E-1	-2.522195E-1	-3.257623E-2
4.090000E-1	-3.181711E-1	-5.754764E-2
4.180000E-1	-2.947159E-1	-4.310451E+0
4.280000E-1	-7.225630E-2	-4.277945E+0
4.380000E-1	2.307628E-1	-3.961666E+0
4.500000E-1	3.956862E-1	-4.238134E+0
4.580000E-1	3.564227E-1	-4.178976E+0
4.680000E-1	1.660307E-1	-4.314982E+0
4.780000E-1	5.681421E-2	-4.013060E+0
4.890000E-1	2.357167E-2	-4.262545E+0
4.990000E-1	1.065953E-2	-4.236275E+0
5.090000E-1	3.984350E-3	-4.097087E+0
5.190000E-1	3.038011E-3	-4.067228E+0
5.290000E-1	7.070947E-4	-4.101491E+0
5.390000E-1	9.547942E-4	-4.091182E+0
5.490000E-1	-1.966790E-3	-4.291895E+0
5.590000E-1	-1.954088E-3	-4.113964E+0
5.690000E-1	-6.266721E-4	-4.140590E+0
5.790000E-1	-1.674632E-3	-4.321855E+0
5.890000E-1	-6.776028E-5	-4.113200E+0
5.990000E-1	-3.408649E-4	-4.187147E+0
6.090000E-1	-1.433283E-3	-4.232966E+0
6.190000E-1	-6.776028E-5	-4.214562E+0
6.290000E-1	-2.100167E-3	-4.092200E+0
6.390000E-1	2.053443E-4	-4.221384E+0
6.490000E-1	-2.062059E-3	-4.123713E+0
6.620000E-1	-2.011370E-4	-4.110375E+0
6.680000E-1	-1.763549E-3	-4.303324E+0
6.780000E-1	1.735880E-4	-4.090112E+0
6.880000E-1	-7.282924E-4	-4.125800E+0
6.980000E-1	-5.949157E-4	-4.062163E+0
7.080000E-1	4.593951E-4	-4.181038E+0
7.180000E-1	-9.251817E-4	-4.277284E+0
7.280000E-1	-1.045856E-3	-4.012907E+0
7.380000E-1	7.324998E-4	-4.136492E+0
7.480000E-1	4.975028E-4	NaN
7.580000E-1	1.989931E-4	-4.177780E+0
7.680000E-1	-9.951663E-5	NaN
7.780000E-1	-4.678903E-4	-4.165790E+0
7.880000E-1	-1.128422E-3	-4.247145E+0
7.980000E-1	8.454962E-6	-4.239025E+0
8.080000E-1	2.434520E-4	-3.967165E+0
8.180000E-1	-1.001397E-3	-4.307855E+0
8.280000E-1	-6.076182E-4	-4.054934E+0
8.380000E-1	4.276388E-4	-4.047883E+0
8.480000E-1	-5.568081E-4	-4.126615E+0
8.580000E-1	-2.837035E-4	-4.142270E+0
8.680000E-1	-7.981563E-4	-4.116102E+0
8.780000E-1	-1.604768E-3	-4.301059E+0
8.880000E-1	-1.573011E-3	-4.214740E+0
8.980000E-1	-4.297827E-4	-4.187096E+0
9.080000E-1	-1.769901E-3	-4.248977E+0
9.200000E-1	-3.218111E-4	-4.241112E+0
9.280000E-1	1.037240E-4	-4.214944E+0
9.380000E-1	-2.004898E-3	-4.144077E+0
9.480000E-1	-1.858818E-3	-4.194173E+0
9.580000E-1	1.799393E-4	-4.198806E+0
9.680000E-1	-3.091085E-4	-4.041239E+0
9.780000E-1	-2.049357E-3	-4.181445E+0
9.880000E-1	-8.870741E-4	-4.230472E+0
9.980000E-1	2.688570E-4	-4.149143E+0
1.008000E+0	1.608854E-4	-4.248927E+0
1.018000E+0	-1.706388E-3	-4.197075E+0
1.029000E+0	-1.763549E-3	-4.274789E+0
1.039000E+0	-1.884344E-4	-4.227366E+0
1.049000E+0	-1.439755E-4	-4.186562E+0
1.059000E+0	-6.203208E-4	-4.246356E+0
1.069000E+0	-4.742416E-4	-4.203158E+0
1.079000E+0	-1.661929E-3	-4.263232E+0
1.089000E+0	-1.141125E-3	-4.158383E+0
1.099000E+0	-7.092386E-4	-4.116866E+0
1.109000E+0	-1.700037E-3	-4.129364E+0
1.119000E+0	-1.439755E-4	-4.235384E+0
1.131000E+0	-1.325312E-3	-4.128702E+0
1.139000E+0	-4.870647E-5	-4.245185E+0
1.149000E+0	-1.573011E-3	-4.190431E+0
1.159000E+0	2.752083E-4	-4.211711E+0
1.169000E+0	-9.886944E-4	-4.180402E+0
1.179000E+0	1.989931E-4	-4.282222E+0
1.189000E+0	-6.965360E-4	-4.201937E+0
1.199000E+0	-1.695012E-5	-2.226344E+0
1.209000E+0	-3.600393E-5	-4.208402E+0
1.219000E+0	-4.742416E-4	-4.387326E+0
1.229000E+0	1.227778E-4	-4.211202E+0
1.239000E+0	-1.376122E-3	-4.354056E+0
1.249000E+0	3.895312E-4	-4.096756E+0
1.259000E+0	-2.043005E-3	-4.340768E+0
1.269000E+0	-7.536975E-4	-4.253305E+0
1.279000E+0	-1.909629E-3	-4.330128E+0
1.288000E+0	-9.442356E-4	-4.254527E+0
1.299000E+0	-1.083963E-3	-4.232024E+0
1.309000E+0	-1.547606E-3	-4.227646E+0
1.319000E+0	-6.203208E-4	-4.265498E+0
1.329000E+0	-1.477742E-3	-4.109789E+0
1.339000E+0	2.243981E-4	-4.156881E+0
1.349000E+0	-2.582984E-4	-4.195573E+0
1.359000E+0	-1.693685E-3	-4.246025E+0
1.369000E+0	-4.424852E-4	-4.101771E+0
1.379000E+0	-1.769901E-3	-4.159707E+0
1.389000E+0	-8.108589E-4	-4.285785E+0
1.399000E+0	-3.916751E-4	-4.228817E+0
1.409000E+0	-1.331663E-3	-4.169634E+0
1.418000E+0	1.164266E-4	-4.181776E+0
1.428000E+0	-1.077612E-3	-4.288789E+0
1.438000E+0	-2.455958E-4	-4.130382E+0
1.448000E+0	-1.274502E-3	-4.168438E+0
1.458000E+0	-9.124792E-4	-2.342954E+0
1.468000E+0	2.750877E-5	-4.078276E+0
1.478000E+0	-8.108589E-4	-4.206111E+0
1.488000E+0	-1.509499E-3	-4.211584E+0
1.498000E+0	-1.503147E-3	-2.541401E+0
1.508000E+0	-7.028873E-4	-4.130204E+0
1.518000E+0	-1.433283E-3	-4.067483E+0
1.528000E+0	-1.128422E-3	-4.133335E+0
1.538000E+0	-1.395176E-3	-4.311139E+0
1.548000E+0	-2.965266E-5	-4.265141E+0
1.558000E+0	-3.472162E-4	-4.128957E+0
1.568000E+0	-1.160179E-3	-4.242512E+0
1.578000E+0	-9.315330E-4	-4.235766E+0
1.588000E+0	-1.039505E-3	-4.246356E+0
1.598000E+0	-1.293555E-3	-4.105946E+0
1.608000E+0	-6.520771E-4	-4.187453E+0
1.618000E+0	-8.553178E-4	-4.228308E+0
1.628000E+0	-7.219411E-4	-4.084945E+0
1.638000E+0	-1.077612E-3	-4.254272E+0
1.648000E+0	-1.058679E-4	-4.096502E+0
1.658000E+0	-8.108589E-4	-4.285149E+0
1.668000E+0	-7.092386E-4	-4.152605E+0
1.678000E+0	-6.520771E-4	-4.197609E+0
1.688000E+0	-5.441055E-4	-4.169074E+0
1.698000E+0	-1.261799E-3	-4.215071E+0
1.708000E+0	-1.179233E-3	-4.210388E+0
1.718000E+0	-8.489665E-4	-4.250836E+0
1.728000E+0	-4.361339E-4	-4.198067E+0
1.738000E+0	-1.071261E-3	-2.212420E+0
1.748000E+0	-2.455958E-4	-4.214460E+0
1.758000E+0	-1.052207E-3	-4.253814E+0
1.768000E+0	-1.585714E-3	-4.328066E+0
1.778000E+0	-1.376243E-4	-4.206824E+0
1.788000E+0	-2.328933E-4	-4.257530E+0
1.798000E+0	-1.388824E-3	-4.301466E+0
1.808000E+0	-1.172881E-3	-4.290775E+0
1.818000E+0	-1.757319E-4	-4.147157E+0
1.828000E+0	-1.312730E-4	-4.032202E+0
1.838000E+0	-1.338014E-3	-4.207995E+0
1.848000E+0	-1.814360E-3	-4.193129E+0
1.858000E+0	-5.949157E-4	-4.091792E+0
1.868000E+0	-8.046282E-5	-4.262723E+0
1.878000E+0	-1.490445E-3	-4.213315E+0
1.888000E+0	-1.338014E-3	-3.976608E+0
1.898000E+0	-2.074882E-4	-4.313175E+0
1.908000E+0	-4.361339E-4	-4.115746E+0
1.918000E+0	-1.433283E-3	-2.304237E+0
1.928000E+0	-1.261799E-3	-4.202547E+0
1.938000E+0	-1.947857E-4	-4.170703E+0
1.948000E+0	-3.027573E-4	-4.240985E+0
1.958000E+0	-1.376122E-3	-2.243755E+0
1.968000E+0	-1.357068E-3	-4.151459E+0
1.978000E+0	-4.870647E-5	-4.277258E+0
1.988000E+0	-3.154598E-4	-4.096705E+0
1.998000E+0	-1.318960E-3	-4.156219E+0
2.008000E+0	-1.484094E-3	-4.088254E+0
2.018000E+0	-6.584284E-4	-4.062494E+0
2.028000E+0	1.608854E-4	-3.942728E+0
2.038000E+0	-1.344366E-3	-4.414486E+0
2.048000E+0	-1.261799E-3	-4.280058E+0
2.058000E+0	-6.774822E-4	-4.211839E+0
2.068000E+0	2.103692E-6	-4.131222E+0
2.078000E+0	-3.281624E-4	-4.273185E+0
2.088000E+0	-6.139695E-4	-4.184576E+0
2.098000E+0	-1.477742E-3	-4.252541E+0
2.108000E+0	-9.188305E-4	-4.127633E+0
2.118000E+0	-3.218111E-4	-3.962786E+0
2.128000E+0	2.942621E-4	-4.139801E+0
2.139000E+0	-1.750847E-3	-4.173096E+0
2.149000E+0	-1.268150E-3	-4.277411E+0
2.159000E+0	-1.376243E-4	-4.206391E+0
2.169000E+0	-4.043776E-4	-4.069367E+0
2.179000E+0	-1.230043E-3	-4.291335E+0
2.189000E+0	-5.123492E-4	-4.143135E+0
2.199000E+0	-3.345136E-4	-4.094898E+0
2.209000E+0	-1.484094E-3	-4.195267E+0
2.219000E+0	-2.773522E-4	-2.160085E+0
2.229000E+0	2.371007E-4	-4.063385E+0
2.241000E+0	-1.376122E-3	-4.174114E+0
2.249000E+0	-8.362640E-4	-4.260330E+0
2.258000E+0	-1.611119E-3	-4.070945E+0
2.268000E+0	-1.776252E-3	-4.365714E+0
2.278000E+0	-5.250517E-4	-4.217973E+0
2.288000E+0	-5.123492E-4	-4.018584E+0
2.298000E+0	-4.678903E-4	-4.122899E+0
